841712141239
841205711217
150290961141
946424521481
378727621053
236871581446
066675281130
329891681006
492044831126
714962521390
302674351337
462624621308
807804271030
461728601330
199294841455
629641111496
096310381473
026303421408
681210201410
957389871315
358332841490
028238981027
272798161075
342578141010
010468921088
204456831169
761952351266
732936201243
883590901479
326771641153
201793661450
753881021492
498816461247
388700261017
591154961293
325216031148
620679111484
537396121125
749656701469
732938041097
955959001352
868681501171
098696151423
885015291000
164485371269
894764201492
486109641226
728625821110
343935361030
254270281183
750858651442
098191391499
743513431361
290859721446
341123351004
984052821456
633394751064
551309431109
758057531284
885393861015
141745511415
683790321035
187023471467
941092901042
235134331382
271974931080
089587091376
078707981197
881557081335
491672691056
967817531310
193912741126
190681901400
795383741056
401076911001
343890581117
543079711424
707766071164
504679761039
754114421062
726880381077
545574061244
866181821176
113738101416
790077401251
209629681085
232479941186
784000231365
614300751359
837365131228
146023441334
041917351363
697432761377
403759221399
762416111248
363959101186
140389761239
625054061465
775880121026
325276431134
908846581072
488832761082
105100321375
883125761172
583578591040
483083421462
055457421478
134697191477
156943311438
077401521467
232118341436
104288701296
502886491062
482541371469
209035031087
740823531008
930158511156
280531701014
409637541139
851011591108
924846651060
068455821389
209906401365
178038471338
960464701353
459927111088
786369341330
350456631438
459424401347
673323731433
498108131188
745069101051
993510141094
124981851468
387705171185
684823501103
386523561007
015827101117
973976701103
906898021137
330925151300
923488821149
133166001392
033835511248
345671111173
670515951359
671852691451
227048871403
904678201464
855811971225
708547251420
679601491375
558308671490
805079011175
015260661289
367728341383
097264371369
585980471088
825231451191
434790301043
888306051256
059499601156
505067501452
038343361249
552263941097
482823071082
998924491051
063375061163
697268351353
642508471065
083642101055
545408111474
477900491409
328777621037
176021431128
756683341001
938208061209
266595031226
505509441195
507553321215
389029491493
719624361414
273394111016
280652891292
626018491396
258373771092
308206091373
849669881174
610750231446
146952231016
322418221391
478322511136
541458871246
821979881243
373852791170
889869991276
403473251127
139311241079
467463371422
740254971432
108374431126
144963181007
999330501319
132932531076
496319201073
685114011476
547923331184
767752461014
503088111089
952782301457
570024531091
492768171248
854897831361
859914911278
535255051078
646091641474
261853301418
920990671097
182214351178
264816301135
378587351374
131350101399
686878161233
139619611487
695308071227
091807031366
991087791441
445075341137
538232811296
995158121325
685081971056
718683941112
988341741341
813183221033
838631101175
752709331170
800194351190
951019031476
179647151147
095966101160
395853181151
260206311273
246208261201
458312251225
672268871484
155479341017
003709121311
039267101048
714795071381
468710391203
524768911131
132455661061
574655001214
708842891256
180265801321
688675151416
594852161240
137475961276
454837831381
740818511242
442649871127
486635571377
170821811099
564784641254
183832561349
981684841058
874838641360
044152201157
523457911227
076176901367
937995531333
360257491206
150967391488
830478481066
170393901121
276596941118
991715131149
122533191106
276597621047
582142681445
710699441113
149026971270
910450031370
323487501076
928170121346
419387511427
195538181193
588635581000
145219661266
456676881331
748338321468
781319411479
386625531290
210373681113
811675481066
854314231075
872519751465
925769021228
780012371163
052194521240
540301761177
882109951367
994171161421
236299361473
580360991336
996269521105
005819291355
816101431190
213737941179
890047081435
012903011171
774764181272
878331951432
459091771315
951132721285
464968361164
724152521363
773967851289
198505421037
629109891413
992571251227
747743261439
370194951252
244316201139
783594991440
606835641480
153266901328
166488451029
116965441043
541474231454
344358611240
360371861096
251648001470
148688631100
755587271056
103507371055
332874301225
498046691421
497880061234
941724301464
533265151021
530304981009
222194421077
306636191229
113298171030
059734911010
035331781261
982179531025
841346461173
068743081094
078641551244
846679081469
625555241398
165469981239
101382361444
258970291426
813314681292
655243121097
648667031294
895670741056
075477681123
521469471321
752739651374
862153501304
045644541345
170442261374
009492931417
418802581298
321456701209
236013521478
823680051487
634138781291
101296611093
437209961135
156310391091
197304241073
474083951344
533686901213
650806891432
147932571267
051786981153
237346231021
975454601003
785634211004
348263001095
909201341188
533012841262
506218971230
434869461225
614747411475
964218951078
352374021027
239960761247
278408941433
328469801061
355248851100
779543051270
648393491500
694488981076
056715711147
343182871369
610606541056
392800601076
161270811280
096309181411
122161161095
156452891337
435741621173
325618451170
087352251017
602922231442
143136771034
451501801022
101729881173
477900321260
425344881458
143524611094
862096871466
949858941360
754044751029
080273131219
330243011247
243643551044
161772841322
264718911160
438314561067
260084481438
178879391301
367746781424
087867771404
180949161012
962258821421
976974421099
532931761343
657785621250
801008981418
281380681069
408990221429
303583791493
385695931172
787652141312
198210301419
162345741274
113740601073
141485691057
360207991400
075165731443
750222281130
879212121142
961048801086
440239281472
449451761186
485380461348
275290341467
536710421037
206184831357
474154851022
684748671386
479798261327
857363991134
748325381055
204898851072
602686001329
352412011199
771578501418
550574791049
034925741216
464276011247
451973831368
096240781500
212515801175
658633121123
295031791322
950189111271
203924061388
067951391338
864162761225
500752491364
657890491056
042374331376
724195261148
934393981340
740495091368
268783171146
177580621183
197923781104
721779141059
958648221473
161179901042
391762191150
409894571328
445903691311
174441251035
184586711410
415650561192
661063641333
144746991226
272003911081
512849301051
175615321024
408416181362
557847401140
855643361463
088926761296
315038771349
366691651250
169168901235
226021381399
324017071487
692858751484
164991191184
096369581053
149350151474
994763971272
370064021347
503291991064
814870281427
941109511155
148571401270
309450361237
913041931190
452699361231
669631101406
541359321420
782758121244
374132241394
174923481244
209062831399
892778431376
648935181361
467117551283
439571941115
889585761388
829720801078
918697221294
423297701282
476156251163
180558871466
847138651248
939005531031
507127931329
790550791378
601446831130
948509561355
743445811070
191903891401
991539531363
868014091067
431042531241
714437821295
871175851441
414988111246
914905201207
007424121033
169822221383
254510301116
957203191193
918436161302
432377461174
719865481326
345045981202
020394041188
897475201236
481224121069
809947871385
815539141112
090145651383
554665091278
331095411205
461001221239
442864601400
546002011485
928834991312
699094501094
747568101243
083883911485
829816481405
740810351087
830686381429
558852941246
480583601120
065248141155
718841721103
332028841074
061995001275
910278701418
809214481100
526357791020
441758561394
236803401272
543468401365
055121951482
113420451395
819416291398
306904241018
585342051333
588331171004
649544861377
040690891222
747464911390
046829291112
341183371038
997383411332
926877761236
565739091043
046904501258
059106871490
590609181417
152288641442
890474221053
341164321087
380711951010
549842401006
240191321418
047756521125
449581521003
471673391278
614893871065
213146501020
550901241399
687832591212
876653071342
035652301210
787006351390
822258271064
404617241109
306063021435
138932481233
457692901193
829564001397
937504551006
150882221423
231024911197
612823771120
500631611433
072600561289
836206831473
435421231254
099458141242
449279811468
826208061133
155917601461
564010351190
837079191062
937221311412
532220461349
575615851222
494880811411
865815611383
048928611100
092622561202
694422921406
915931081033
473107111140
350422351308
552715091441
875065561173
392290211151
964158701298
780235121444
703655111195
443588771346
223243751019
923919561404
353879851474
585290891453
067295471241
361065781481
195132011024
692451071355
488807321316
160493761202
504159531168
357554251144
089605281317
255704891221
702927321461
036874061046
381758931214
385157501089
401369291485
508643621182
975699611218
369081411200
846964271039
620262531353
641616791435
347002801147
172965881216
750446021455
342777061420
669945961399
925781971351
916515491076
063993751467
684434671426
012086581406
269846291428
764656041337
036534871081
241938631354
162885841039
405522791452
936575631127
314758601314
860379141007
257744431111
608151561077
884663541096
160430841318
820056101127
242002641373
014492971332
181537811354
845719151035
623137351240
228189351276
097822661381
607997771448
684564361354
043713591500
104259161111
892910851392
383829701379
864492671399
763193031288
996271021472
032512251258
606245051075
293712111312
779176381192
047261591074
716963241103
626958621220
353156361441
647156051293
988174981137
869337351471
790321171241
553705161439
053645411179
992445381324
172285721350
808493771180
566285001282
810805641336
944343611380
972817191350
373844871174
684262001454
594682191110
633085701083
014618551371
800687851280
760844471118
447044691215
721901351484
262906691500
343933831185
638103561073
291209491361
958601521089
797316071289
161821031122
033608661284
247025391157
546479851487
070968771258
493539521381
070639851471
222702901142
180599151307
125805831182
096897871412
527398591380
635473821405
988265511065
758650161364
699455021118
501325151041
146345811133
897546651363
645224491370
261561181243
930969661368
170318131125
836156651267
964012481472
353597461260
814836311327
826616701153
922251761259
298704791184
521035821053
260901391350
735777371032
296997351244
353166641481
769894451161
670795821131
861403311279
712527281469
009956031464
285057851494
349671261500
257296891356
228845891312
869054281364
599512781462
205306001196
672479981295
860633401458
696665441483
013848331131
400993231139
363137541498
122760111276
865793601237
333116541203
519965811496
079125111421
534512791219
094912431474
873935211138
906415961323
265272221095
055923331089
432314541412
473662201341
785701531408
308899581208
196565881396
153563761237
936264081482
737673671019
355728931450
638410601365
701946161213
544340661404
998371671078
873057081321
325879991463
984613011282
629530091346
675987001172
463312121425
473856101449
637072981417
999881591065
776141791310
620667541077
097672491356
046269161058
839771141440
081883351219
634989811005
596598461473
532146521139
397955881154
427232881481
628399381061
228700491371
251373921109
466400931302
854561981498
358848801443
970923531414
184629991308
276211721408
532877241005
222231041295
834860671115
621382771265
779363631192
785809301337
877227581469
509060861166
042708811258
264857511147
204368031239
671492921398
001142021039
087959841346
157883441093
455593341025
636293781400
386498751449
140863041208
022904611098
571882701166
482179101495
226712331365
753527071244
588227391073
268326161109
318825901179
859157701056
074228051197
901554681472
851308761158
109411881080
223570521119
989515501417
441562061110
138342341242
969045411164
677181841340
731549901444
726923321425
227548201191
561699971232
323395361018
634574211319
635359141479
736911811457
831261921454
023517111343
381417201054
172756441134
707828131162
395236001381
517928621295
623933931229
017059731494
883349051496
989563261458
402973091417
483139401231
690941321011
168938491301
882586901070
737495541184
814129071198
835799051272
444657731271
704696391480
629559111379
587620041234
214177641318
898056641018
368745761194
209170981459
818941611173
844932551092
132938401319
925134191467
055699841489
045406941243
898161341212
050667421175
240119831174
029575171293
268067921450
784828211467
367252741468
466543661197
772174791352
792963731022
111266451330
123719141043
482796971225
755532031296
922211161423
930252941393
765023921275
962906131084
872699941445
451022951379
137740661408
508043061232
324210881115
459969861409
996125421048
292845351240
020527481044
232700081092
554483451059
706438241450
479776551398
165861921450
882535271186
597272001395
205592671473
189543711390
412236661352
921752591384
128822741401
836333551016
272998071015
150019551396
126094131155
244491371038
646132221103
207358761328
973613431341
923593521223
685115791219
532482991327
896521831119
096347251354
317544151427
787341351151
088327401180
422600351204
287881711449
833466061353
095623561177
804845471467
246426441159
381891421037
375768751348
500114521134
938255971480
004922011071
644076921453
778601491130
438883751285
190187751256
448185481379
307600351172
556690921191
994792681477
959214711010
148609111072
780907431375
518147791399
343121001482
714071801403
516965111403
550106961144
729195831277
262370911227
842998881295
658559421260
054503291416
384907291308
029218081181
646290321154
548468211022
303669301006
741555071311
191082851178
123980961000
708296791357
372675061142
130187711449
195297211394
267037011376
662185621175
773957571028
365943821211
035625981385
458297961250
444028841224
771830641013
698281641232
678067201139
865964971239
869216191231
155262361334
331713571500
579933171346
063686091204
968737001445
055609431210
793176271434
382845711354
237990591448
997875541122
768390161011
577580461190
323933781046
388517731295
818617741331
507002191296
336468171201
495058321285
956532111488
671911851481
348355241236
616994031425
464268881133
522371021468
272416461422
951562311471
709987571203
241615101034
094556961297
421332541261
834430771014
891139501145
704054601131
736599211470
771802471150
221591511063
676436531459
546568331433
073626991135
371866781392
763687901311
611525261389
449333021156
068758861211
108851161437
787679421235
646289121374
050222291274
657048131420
374288841015
358911781341
697374041396
969804911417
356862311230
649013741097
237605611323
547029811323
459549481490
656213631369
701783711034
487483771145
424490271356
400064751020
637481471422
482051841070
524983671345
764531511004
679558311065
342153401060
239633371020
508245021388
999391511196
851771161457
605662701007
166763501042
064379471284
047600161279
548329161481
976284531406
171597601338
306798251139
883103431253
779994981053
251519231369
858393421493
690796891060
769964431048
905621431464
798840511348
338925971060
661578851288
439187991316
049007711415
378374641434
830993731115
916460401143
713946331259
046799051325
498330341199
659397271114
592799381033
249158091263
134774791365
362092171122
242827031051
805669531291
291100871194
999350541450
797248691299
686439801036
983994821302
578813861386
031125641263
956212031150
890894911166
872187011385
309346961118
319742021390
235586701407
567947481419
610184191222
164275011165
518868991114
744724371159
406781461011
551808561179
630065061218
298380661198
687260271460
479242531367
595892041238
639044751428
589740491380
645528801234
147669301349
218470111134
945772971072
720882961041
346559171039
904448381497
021084071306
324179061264
952463451013
921855861066
900323941276
457496431431
667358851215
638110011008
068572261155
260734151129
730956131077
420875331020
418638931366
698838041171
758726181162
053682801105
427848211497
646333051418
717999021315
587726901088
202516351206
236588131157
338860151497
150544011451
218710611121
564008471068
401758361233
065825861259
456322041467
982992701394
539115131231
030125121466
908782511286
167339161201
687969141467
855611131024
632997861238
550341591343
088381621249
869877901484
908451921281
091718551117
395914701190
379752651292
982942751177
880427561092
041601511148
504668701016
300971551126
504122591175
925455641005
247065061030
167425051364
041368661098
392096721346
885751481488
243718581283
042895791314
598398971465
832851651409
779317641079
092872421039
814128461011
758178621382
898080921113
758978021035
072391061152
613350111033
866747201185
539806181466
646710241383
018353111208
961885761442
850487371213
296362111048
229390291451
378228041373
168875031102
390590001487
489333841260
132948471316
292192231279
604260621401
099480061230
157607601252
989569441102
674471071142
957492351210
929939141418
194862081053
346407841341
957950031251
709260711108
846216721088
897956441205
090277631103
748129671020
847347851464
013028821180
380115421315
100043881109
392548941137
986260071004
387690301487
287348401237
040882331117
648622861215
980324021470
251420991419
643321921426
373272621053
257399231150
960479721055
229311531190
618679491255
129714111216
303335291065
635469581260
198691241240
513047201187
558826511304
176416161327
192797491148
117103491381
315005241009
366933371491
140449531311
254157591408
132564251357
520333841360
769255801490
091778021294
273718241416
151894621488
188633071500
032073071397
734888661382
369910131173
091918911469
172690631343
424933271221
502635301323
069429841322
807249881326
447589051380
859881871197
560500041030
526174611061
495602751332
449353131325
072426011226
723243011066
256474191199
605296951476
891347571197
061018621117
